35
256
1 1 1 3 -1
1 4 2 4 -1
1 5 1 8 1
1 9 1 14 2
1 15 4 16 2
1 17 1 18 0
1 19 1 19 0
1 20 1 24 -1
1 25 3 25 2
1 26 1 29 -1
1 30 3 32 -1
1 33 1 34 -1
1 35 5 35 -1
2 1 6 1 -1
2 2 2 3 1
2 5 2 5 0
2 6 4 8 -1
2 9 4 9 -1
2 10 4 10 2
2 11 2 13 -1 
2 14 3 14 -1
2 17 3 18 2
2 19 4 22 -1
2 23 4 23 -1
2 24 3 24 1
2 26 3 28 -1
2 29 3 29 0
2 33 2 34 0
3 2 6 2 -1
3 3 4 5 -1
3 11 4 11 -1
3 12 3 13 0
3 33 3 33 -1
3 34 5 34 -1
4 12 4 14 -1
4 17 4 18 -1
4 24 4 29 1
4 30 4 31 -1
4 32 6 33 1
5 3 5 6 -1
5 7 9 8 2
5 9 9 10 -1
5 11 6 15 -1
5 16 6 16 0
5 17 6 18 1
5 19 7 21 3
5 22 7 23 -1
5 24 6 28 -1
5 29 9 30 -1
5 31 6 31 -1
6 3 6 5 0
6 6 6 6 0
6 34 7 35 0
7 1 7 3 -1 
7 4 8 6 -1
7 11 9 12 1
7 13 9 13 -1
7 14 8 18 -1
7 24 7 26 1
7 27 8 28 0
7 31 9 33 -1
8 1 11 1 1
8 2 9 2 -1
8 3 8 3 -1
8 19 10 20 -1
8 21 9 24 1
8 25 10 26 -1
8 34 10 35 1
9 3 9 4 -1
9 5 11 6 2
9 14 10 14 -1
9 15 10 16 0
9 17 11 18 -1
9 27 11 28 -1
10 2 11 3 -1
10 4 13 4 2
10 7 11 9 -1
10 10 11 11 2
10 12 11 13 0
10 21 10 22 -1
10 23 11 24 -1
10 29 10 30 -1
10 31 12 31 -1
10 32 10 33 -1
11 14 11 15 -1
11 16 13 16 -1
11 19 11 22 -1
11 25 12 26 2
11 29 11 29 -1
11 30 12 30 -1
11 32 12 33 1
11 34 14 35 2
12 1 13 3 -1
12 5 13 5 -1
12 6 13 8 1
12 9 13 9 -1
12 10 13 13 2
12 14 13 15 0
12 17 13 20 2
12 21 15 21 2
12 22 12 24 -1
12 27 12 29 -1
13 22 17 23 3
13 24 15 24 0
13 25 13 27 -1
13 28 13 32 1
13 33 14 33 0
14 1 17 1 -1
14 2 17 2 2
14 3 15 6 -1
14 7 15 14 4
14 15 15 20 -1
14 25 15 32 -1
15 33 15 35 -1
16 3 16 4 -1
16 5 17 5 -1
16 6 17 7 0
16 8 17 8 -1
16 9 17 11 1
16 12 17 12 -1
16 13 17 15 1
16 16 17 21 4
16 24 16 28 2
16 29 17 29 -1
16 30 16 35 -1
17 3 17 4 0
17 24 17 28 -1
17 30 17 34 3
17 35 20 35 -1
18 1 20 2 -1
18 3 19 4 -1
18 5 18 7 -1 
18 8 19 10 -1
18 11 21 12 -1 
18 13 21 14 1
18 15 19 17 1
18 18 19 18 -1
18 19 19 20 -1
18 21 18 23 -1
18 24 19 25 0
18 26 19 26 -1
18 27 19 31 -1
18 32 18 34 -1
19 5 20 6 1
19 7 20 7 -1
19 21 20 23 1
19 32 19 34 1
20 3 20 4 0
20 8 21 8 -1
20 9 21 10 0
20 15 21 16 -1
20 17 22 18 -1
20 19 25 20 3
20 24 21 33 -1
20 34 20 34 0
21 1 21 2 0
21 3 24 4 -1
21 5 21 7 1
21 21 25 23 -1
21 34 21 35 -1
22 1 24 2 -1
22 5 23 7 1
22 8 25 11 -1
22 12 23 16 3
22 24 23 25 0
22 26 23 27 -1
22 28 23 28 0
22 29 23 34 -1
22 35 28 35 2
23 17 28 18 2
24 5 27 6 -1
24 7 24 7 -1
24 12 25 12 -1
24 13 27 13 1
24 14 27 15 -1
24 16 28 16 3
24 24 24 25 -1
24 26 25 32 -1
24 33 25 34 0
25 1 28 1 2
25 2 26 4 2
25 7 25 7 1
25 24 27 25 1
26 7 26 8 1
26 9 34 9 4
26 10 28 12 2
26 19 27 20 1
26 21 28 22 1
26 23 28 23 -1
26 26 26 27 -1
26 28 34 28 3
26 29 26 31 1
26 32 28 32 0
26 33 27 34 -1
27 2 29 2 -1
27 3 27 4 -1
27 7 29 8 -1
27 26 27 26 0
27 27 34 27 3
27 29 30 31 4
28 3 28 5 2
28 6 29 6 -1
28 13 28 15 -1
28 19 28 20 -1
28 24 29 26 -1
28 33 31 34 2
29 1 29 1 -1
29 3 30 4 -1
29 5 30 5 1
29 10 34 10 -1
29 11 29 14 -1
29 15 29 17 0
29 18 30 20 -1
29 21 30 23 -1
29 32 30 32 -1
29 35 31 35 -1
30 1 31 2 -1
30 6 31 8 1
30 11 30 13 -1
30 14 34 14 -1
30 15 34 15 -1
30 16 30 20 -1
30 24 31 24 0
30 25 31 26 -1
31 3 31 5 -1
31 11 34 12 1
31 13 34 13 -1
31 16 34 16 1
31 17 34 20 5
31 21 31 21 -1
31 22 32 23 2
31 29 31 30 0
31 31 31 32 -1
32 1 33 1 -1
32 2 33 4 1
32 5 34 5 1
32 6 34 8 -1
32 21 34 21 -1
32 24 33 26 -1
32 29 34 31 2
32 32 32 35 -1
33 22 35 23 1
33 32 34 32 1
33 33 35 34 -1
33 35 35 35 0
34 1 35 3 -1
34 4 34 4 -1
34 24 35 26 1
35 4 35 5 -1
35 6 35 11 1
35 12 35 12 0
35 13 35 15 -1
35 16 35 18 0
35 19 35 19 0
35 20 35 21 -1
35 27 35 32 2