15
57
1 1 7 1 1
1 2 3 2 2
1 3 3 4 -1
1 5 1 6 1
1 7 1 10 -1 
1 11 3 11 1
1 12 1 15 -1
2 5 2 8 2
2 9 3 10 1
2 12 2 14 2
2 15 5 15 1
3 5 3 8 -1
3 12 6 14 3
4 2 6 4 2
4 5 6 5 -1 
4 6 5 11 4
6 6 6 11 2
6 15 6 15 -1
7 2 7 2 1
7 3 7 3 -1
7 4 8 4 -1
7 5 9 6 -1
7 7 8 9 3
7 10 8 11 0
7 12 8 13 2
7 14 7 15 -1
8 1 8 3 1
8 14 8 15 1
9 1 10 1 0
9 2 9 4 -1
9 7 9 7 1
9 8 10 10 1
9 11 11 11 2
9 12 12 12 -1
9 13 9 15 1
10 2 11 5 2
10 6 13 7 -1
10 13 10 14 -1
10 15 15 15 2
11 1 11 1 -1
11 8 13 8 -1
11 9 11 10 -1
11 13 12 14 -1
12 1 14 1 -1
12 2 13 2 -1
12 3 13 3 1
12 4 14 5 1
12 9 13 9 1
12 10 14 11 -1
13 12 14 13 -1
13 14 14 14 -1
14 2 14 3 -1
14 6 14 9 -1
15 1 15 7 1
15 8 15 11 1
15 12 15 12 -1
15 13 15 14 1 
 