20
88
1 1 5 1 -1
1 2 2 3 2
1 4 2 4 0
1 5 1 13 3
1 14 4 14 1
1 15 1 16 -1
1 17 4 17 -1
1 18 4 18 -1
1 19 4 19 1
1 20 5 20 -1
2 5 2 5 -1
2 6 2 7 -1
2 8 3 8 -1
2 9 4 11 2
2 12 4 13 1
2 15 4 15 -1
2 16 4 16 -1
3 2 3 5 -1
3 6 5 7 -1
4 2 5 3 -1
4 4 6 4 0
4 5 5 5 -1
4 8 4 8 0
5 8 7 9 1
5 10 6 11 1
5 12 5 16 -1
5 17 6 19 -1
6 1 6 3 0
6 5 6 7 -1
6 12 6 13 1
6 14 8 14 -1
6 15 6 16 -1
6 20 6 20 0
7 1 9 2 -1
7 3 9 3 -1
7 4 11 7 7
7 10 10 10 -1
7 11 8 13 -1
7 15 8 16 0
7 17 8 18 -1
7 19 9 20 -1
8 8 10 9 -1
9 11 10 13 1
9 14 10 16 -1
9 17 9 18 0
10 1 10 3 2
10 17 14 19 4
10 20 11 20 0
11 1 13 3 3
11 8 12 13 -1
11 14 14 14 1
11 15 14 16 2
12 4 17 5 -1
12 6 12 7 -1
12 20 14 20 -1
13 6 15 8 5
13 9 14 12 -1
13 13 16 13 1
14 1 15 1 1
14 2 16 3 2
15 9 15 11 -1
15 12 16 12 -1
15 14 15 16 1
15 17 17 17 -1
15 18 15 20 -1
16 1 19 1 -1
16 6 18 7 -1
16 8 16 11 1
16 14 18 16 -1
16 18 17 18 -1
16 19 16 19 -1
16 20 19 20 2
17 2 19 3 2
17 8 19 12 5
17 13 17 13 1
17 19 19 19 -1
18 4 19 5 -1
18 13 19 13 -1
18 17 20 18 1
19 6 20 6 -1
19 7 19 7 -1
19 14 19 14 1
19 15 19 15 -1
19 16 19 16 -1
20 1 20 5 0
20 7 20 10 -1
20 11 20 16 3
20 19 20 20 -1
