30
219
1 1 7 1 1
1 2 2 3 -1
1 4 2 4 0
1 5 2 7 1
1 8 1 11 1
1 12 2 12 0
1 13 2 16 -1
1 17 1 23 2
1 24 4 24 -1
1 25 1 27 0
1 28 1 29 -1
1 30 3 30 1
2 8 2 11 -1
2 17 2 19 -1
2 20 6 20 -1
2 21 3 22 2
2 23 4 23 -1
2 25 5 26 2
2 27 3 29 -1
3 2 3 4 1
3 5 4 6 -1
3 7 3 9 -1
3 10 4 12 1
3 13 4 13 -1
3 14 5 14 -1
3 15 5 15 1
3 16 8 16 -1
3 17 3 18 0
3 19 8 19 -1
4 2 9 2 -1
4 3 6 4 1
4 7 4 9 2
4 17 9 18 3
4 21 6 21 -1
4 22 7 22 2
4 27 5 29 2
4 30 5 30 0
5 5 6 5 -1
5 6 6 7 -1
5 8 6 8 -1
5 9 7 9 -1
5 10 6 12 -1
5 13 6 13 0
5 23 7 24 -1
6 14 6 15 -1
6 25 6 26 -1
6 27 12 28 -1
6 29 14 29 -1
6 30 8 30 1
7 3 7 8 -1
7 10 8 15 -1
7 20 8 21 -1
7 25 7 26 -1
8 1 12 1 -1
8 3 8 5 -1
8 6 9 6 -1
8 7 10 7 -1
8 8 10 9 3
8 22 11 23 2
8 24 8 26 -1
9 3 9 3 1
9 4 9 5 -1
9 10 9 11 0
9 12 10 14 -1
9 15 9 16 -1
9 19 9 20 1
9 21 10 21 -1
9 24 11 25 3
9 26 12 26 0
9 30 14 30 2
10 2 10 6 1
10 10 10 11 -1
10 15 10 17 0
10 18 14 19 -1
10 20 10 20 -1
11 2 11 6 -1
11 7 13 7 -1
11 8 11 16 -1
11 17 14 17 -1
11 20 11 21 -1
12 2 13 4 -1
12 5 12 6 1
12 8 13 9 -1
12 10 16 10 -1
12 11 16 12 4
12 13 13 13 -1
12 14 13 16 1
12 20 14 20 -1
12 21 13 24 -1
12 25 16 25 -1
13 1 13 1 0
13 5 13 5 1
13 6 14 6 1
13 26 13 28 2
14 1 18 2 -1 
14 3 15 3 -1
14 4 14 5 -1
14 7 15 9 1
14 13 16 14 -1
14 15 16 15 -1
14 16 16 16 1
14 21 17 21 2
14 22 15 24 -1
14 26 16 26 -1
14 27 15 28 2
15 4 15 6 -1
15 17 17 20 -1
15 29 15 30 -1
16 3 21 3 2
16 4 18 7 -1
16 8 16 9 -1
16 22 17 22 0
16 23 17 24 1
16 27 16 29 -1
16 30 19 30 1
17 8 17 11 -1
17 12 18 12 0
17 13 20 13 -1
17 14 19 16 -1 
17 25 18 27 -1
17 28 17 29 -1
18 8 20 9 -1
18 10 18 11 -1
18 17 18 17 -1
18 18 18 18 1
18 19 20 19 -1
18 20 19 20 -1
18 21 19 22 1
18 23 20 23 -1
18 24 23 24 -1
18 28 18 29 -1
19 1 22 2 3
19 4 19 7 -1
19 10 23 10 2
19 11 19 12 -1
19 17 20 18 -1
19 25 23 25 -1
19 26 21 29 -1
20 4 20 7 -1 
20 11 21 12 -1
20 14 20 14 0
20 15 21 15 0
20 16 23 16 -1
20 20 20 22 1
20 30 22 30 -1
21 4 21 7 -1
21 8 23 9 -1
21 13 21 14 -1
21 17 22 18 1
21 19 21 21 -1
21 22 22 22 -1
21 23 23 23 1
22 3 22 6 -1
22 7 24 7 -1
22 11 25 11 -1
22 12 25 12 -1
22 13 23 15 -1
22 19 25 19 -1
22 20 24 21 -1
22 26 22 27 -1
22 28 22 29 -1
23 1 24 1 1
23 2 23 4 -1
23 5 24 5 0
23 6 24 6 -1
23 17 25 18 -1
23 22 23 22 0
23 26 23 28 1
23 29 23 29 -1
23 30 24 30 0
24 2 24 4 1
24 8 25 10 -1
24 13 27 13 -1
24 14 24 16 1
24 22 24 23 0
24 24 24 25 -1
24 26 27 29 3
25 1 26 2 0
25 3 27 5 -1
25 6 26 7 0
25 14 28 14 -1
25 15 25 16 -1
25 20 25 22 1
25 23 28 23 -1 
25 24 26 24 0
25 25 26 25 -1
25 30 25 30 -1
26 8 27 9 -1 
26 10 27 12 1
26 15 27 18 2
26 19 27 21 1
26 22 28 22 -1
26 30 28 30 2
27 1 29 1 -1
27 2 27 2 0
27 6 27 7 -1
27 24 27 25 -1
28 2 29 2 -1
28 3 29 4 1
28 5 29 7 -1 
28 8 30 10 -1
28 11 28 11 0
28 12 29 13 -1
28 15 28 16 1
28 17 30 17 0
28 18 30 18 2
28 19 30 20 -1
28 21 28 21 1
28 24 29 27 2
28 28 28 29 0
29 11 30 11 -1
29 14 29 16 1
29 21 29 23 -1
29 28 30 30 -1
30 1 30 4 0 
30 5 30 7 2
30 12 30 12 0
30 13 30 16 -1
30 21 30 27 -1